2023-11-16
40
12
21
21
5
3
30
15
8
21
21
5
3
30
15
10
21
21
5
3
30
15
8
21
21
5
3
30
2
12
21
21
5
3
30
15
8
21
21
5
3
30
15
10
21
21
5
3
30
15
8
21
21
5
3
30
5
12
21
21
5
3
30
15
8
21
21
5
3
30
15
10
21
21
5
3
30
15
8
21
21
5
3
30
2
12
21
21
5
3
30
15
8
21
21
5
3
30
15
10
21
21
5
3
30
15
8
21
21
5
3
30
16
12
21
21
5
3
30
15
8
21
21
5
3
30
15
10
21
21
5
3
30
15
8
21
21
5
3
30
2
12
21
21
5
3
30
15
8
21
21
5
3
30
15
10
21
21
5
3
30
15
8
21
21
5
3
30
5
12
21
21
5
3
30
15
8
21
21
5
3
30
15
10
21
21
5
3
30
15
8
21
21
5
3
30
2
12
21
21
5
3
30
15
8
21
21
5
3
30
15
10
21
21
5
3
30
15
8
21
21
5
3
30
29
12
21
21
5
3
30
15
8
21
21
5
3
30
15
10
21
21
5
3
30
15
8
21
21
5
3
30
2
12
21
21
5
3
30
15
8
21
21
5
3
30
15
10
21
21
5
3
30
15
8
21
21
5
3
30
5
12
21
21
5
3
30
15
8
21
21
5
3
30
15
10
21
21
5
3
30
15
8
21
21
5
3
30
2
12
21
21
5
3
30
15
8
21
21
5
3
30
15
10
21
21
5
3
30
15
8
21
21
5
3
30
16
12
21
21
5
3
30
15
8
21
21
5
3
30
15
10
21
21
5
3
30
15
8
21
21
5
3
30
2
12
21
21
5
3
30
15
8
21
21
5
3
30
15
10
21
21
5
3
30
15
8
21
21
5
3
30
5
12
21
21
5
3
30
15
8
21
21
5
3
30
15
10
21
21
5
3
30
15
8
21
21
5
3
30
2
12
21
21
5
3
30
15
8
21
21
5
3
30
15
10
21
21
5
3
30
15
8
21
21
5
3
30
